0000d92a3a77257e56c12b922d1f3c8cd7b81b06297ffbe73a573c511e996867|30849,30855,30733,30756,30961,31029,30878,30795,30987,30895,30985,30817,30988,31069,30931,30731,30745,30625,30657,30660,30592,30647,30675,30595,30690,30865,30602,30834,30858,30939,30664,30866,31068,30696,30887,30833,30689,30621,30694,31079,30611,30825,30835,30669,31078,30888,30916,31013,31056,31032,30984,30746,30626,30634,30771,30788,30672,31055,31038,30921,30725,30606,30994,30752,30644,30803,30969,30764,30679,30699,30755,31047,31014,30790,30913,30645,30812,30871,30918,30735,30687,30650,30860,30890,30870,30982,30978,30750,30948,30765,30605,30717,30819,30744,31028,30628,30588,30784,30949,30780,30908,30695
0001420cb6ed53ec976ee792770090b36c2b738ba74a3ad50d169098dbcc14a3|30006,30432,30546
0001921ad1c8de1ebe38b3c68aee0f7e07dcbec6dfb2fe781214da3bfd1ad471|30436,30546,30001
000213cc0c45a369277ae1b9e0135ed052f95fd98d8dbf0f1182568064ec5bf9|31029,30798,30902,30719,30895,30745,30625,30983,30818,30914,30708,30766,30939,30760,30696,30749,30743,30835,30888,31013,31056,30713,30844,31038,30582,30803,30969,30742,31047,30925,30812,30871,31022,30836,30870,30957,30978,30599,30605,30884,30815,30629,30943,30908
00039b3d2e64031bb873d159df35494ec11adbc3d7a5976630da28e95e22cc6c|30000,30447,30546,30437
00045845a72cab34758661a24d65a0476ab2441fee3d9a80469a18b03d6423d1|30795,30688,31027,30756,31029,30902,30987,30895,30972,30985,30922,30988,30731,30745,30625,30811,30983,30818,30660,30592,30794,30608,30690,31020,30858,30939,30664,30696,30833,30612,30749,30621,30694,31079,30697,30799,31081,30611,30685,31058,31067,30835,31078,30888,30916,31056,30845,30746,30713,30701,31043,31064,30788,31055,30778,31038,30921,30725,30651,30867,30606,30847,30803,30698,30969,30764,30755,31047,30822,30790,30966,30645,30911,30812,30871,30919,30964,30687,30650,30836,30860,30642,30890,30896,30870,30982,30978,30965,30948,30773,30884,30815,30819,31028,30588,30943,30949,30780,30737,30855
0008046d7099c28537b3ad922137aea50c97c42f253f3aef6e339743dc0426dd|30556
00088915a7dba05ee1856e30e25c58e5e54d27dc91aa15097299f3a1d4ea3c9d|30480,30132,30493,30550
0008a06a99debeac8edbeda5be21bf3b55257a28174b5ed00ab81262a0057780|30052,30432,30556,30416,30544,30546,30496,30551,30542,29986,30171,30172,30501
000908c9bb825eff7f51b512600c6ead342ef6a9e9bbdf28ae327ebe99fea050|32697
